1933-01,Breitungen_Werra 1,50.767,10.333,250,40.0
1933-02,Breitungen_Werra 1,50.767,10.333,250,50.0
1933-03,Breitungen_Werra 1,50.767,10.333,250,25.0
1933-04,Breitungen_Werra 1,50.767,10.333,250,23.0
1933-05,Breitungen_Werra 1,50.767,10.333,250,64.0
1933-06,Breitungen_Werra 1,50.767,10.333,250,188.0
1933-07,Breitungen_Werra 1,50.767,10.333,250,92.0
1933-08,Breitungen_Werra 1,50.767,10.333,250,77.0
1933-09,Breitungen_Werra 1,50.767,10.333,250,25.0
1933-10,Breitungen_Werra 1,50.767,10.333,250,44.0
1933-11,Breitungen_Werra 1,50.767,10.333,250,33.0
1933-12,Breitungen_Werra 1,50.767,10.333,250,16.0
1934-01,Breitungen_Werra 1,50.767,10.333,250,43.0
1934-02,Breitungen_Werra 1,50.767,10.333,250,25.0
1934-03,Breitungen_Werra 1,50.767,10.333,250,33.0
1934-04,Breitungen_Werra 1,50.767,10.333,250,28.0
1934-05,Breitungen_Werra 1,50.767,10.333,250,48.0
1934-06,Breitungen_Werra 1,50.767,10.333,250,77.0
1934-07,Breitungen_Werra 1,50.767,10.333,250,35.0
1934-08,Breitungen_Werra 1,50.767,10.333,250,96.0
1934-09,Breitungen_Werra 1,50.767,10.333,250,49.0
1934-10,Breitungen_Werra 1,50.767,10.333,250,92.0
1934-11,Breitungen_Werra 1,50.767,10.333,250,43.0
1934-12,Breitungen_Werra 1,50.767,10.333,250,44.0
1935-01,Breitungen_Werra 1,50.767,10.333,250,73.0
1935-02,Breitungen_Werra 1,50.767,10.333,250,93.0
1935-03,Breitungen_Werra 1,50.767,10.333,250,37.0
1935-04,Breitungen_Werra 1,50.767,10.333,250,82.0
1935-05,Breitungen_Werra 1,50.767,10.333,250,47.0
1935-06,Breitungen_Werra 1,50.767,10.333,250,153.0
1935-07,Breitungen_Werra 1,50.767,10.333,250,31.0
1935-08,Breitungen_Werra 1,50.767,10.333,250,102.0
1935-09,Breitungen_Werra 1,50.767,10.333,250,45.0
1935-10,Breitungen_Werra 1,50.767,10.333,250,75.0
1935-11,Breitungen_Werra 1,50.767,10.333,250,9.0
1935-12,Breitungen_Werra 1,50.767,10.333,250,59.0
1936-01,Breitungen_Werra 1,50.767,10.333,250,103.0
1936-02,Breitungen_Werra 1,50.767,10.333,250,67.0
1936-03,Breitungen_Werra 1,50.767,10.333,250,52.0
1936-04,Breitungen_Werra 1,50.767,10.333,250,59.0
1936-05,Breitungen_Werra 1,50.767,10.333,250,94.0
1936-06,Breitungen_Werra 1,50.767,10.333,250,76.0
1936-07,Breitungen_Werra 1,50.767,10.333,250,117.0
1936-08,Breitungen_Werra 1,50.767,10.333,250,63.0
1936-09,Breitungen_Werra 1,50.767,10.333,250,46.0
1936-10,Breitungen_Werra 1,50.767,10.333,250,66.0
1936-11,Breitungen_Werra 1,50.767,10.333,250,70.0
1936-12,Breitungen_Werra 1,50.767,10.333,250,57.0
1937-01,Breitungen_Werra 1,50.767,10.333,250,73.0
1937-02,Breitungen_Werra 1,50.767,10.333,250,133.0
1937-03,Breitungen_Werra 1,50.767,10.333,250,68.0
1937-04,Breitungen_Werra 1,50.767,10.333,250,68.0
1937-05,Breitungen_Werra 1,50.767,10.333,250,40.0
1937-06,Breitungen_Werra 1,50.767,10.333,250,147.0
1937-07,Breitungen_Werra 1,50.767,10.333,250,68.0
1937-08,Breitungen_Werra 1,50.767,10.333,250,67.0
1937-09,Breitungen_Werra 1,50.767,10.333,250,26.0
1937-10,Breitungen_Werra 1,50.767,10.333,250,41.0
1937-11,Breitungen_Werra 1,50.767,10.333,250,33.0
1937-12,Breitungen_Werra 1,50.767,10.333,250,70.0
1938-01,Breitungen_Werra 1,50.767,10.333,250,97.0
1938-02,Breitungen_Werra 1,50.767,10.333,250,53.0
1938-03,Breitungen_Werra 1,50.767,10.333,250,26.0
1938-04,Breitungen_Werra 1,50.767,10.333,250,24.0
1938-05,Breitungen_Werra 1,50.767,10.333,250,133.0
1938-06,Breitungen_Werra 1,50.767,10.333,250,33.0
1938-07,Breitungen_Werra 1,50.767,10.333,250,75.0
1938-08,Breitungen_Werra 1,50.767,10.333,250,133.0
1938-09,Breitungen_Werra 1,50.767,10.333,250,14.0
1938-10,Breitungen_Werra 1,50.767,10.333,250,52.0
1938-11,Breitungen_Werra 1,50.767,10.333,250,41.0
1938-12,Breitungen_Werra 1,50.767,10.333,250,61.0
1939-01,Breitungen_Werra 1,50.767,10.333,250,106.0
1939-02,Breitungen_Werra 1,50.767,10.333,250,28.0
1939-03,Breitungen_Werra 1,50.767,10.333,250,55.0
1939-04,Breitungen_Werra 1,50.767,10.333,250,71.0
1939-05,Breitungen_Werra 1,50.767,10.333,250,80.0
1939-06,Breitungen_Werra 1,50.767,10.333,250,46.0
1939-07,Breitungen_Werra 1,50.767,10.333,250,106.0
1939-08,Breitungen_Werra 1,50.767,10.333,250,153.0
1939-09,Breitungen_Werra 1,50.767,10.333,250,40.0
1939-10,Breitungen_Werra 1,50.767,10.333,250,126.0
1939-11,Breitungen_Werra 1,50.767,10.333,250,78.0
1939-12,Breitungen_Werra 1,50.767,10.333,250,32.0
1940-01,Breitungen_Werra 1,50.767,10.333,250,24.0
1940-02,Breitungen_Werra 1,50.767,10.333,250,25.0
1940-03,Breitungen_Werra 1,50.767,10.333,250,57.0
1940-04,Breitungen_Werra 1,50.767,10.333,250,72.0
1940-05,Breitungen_Werra 1,50.767,10.333,250,20.0
1940-06,Breitungen_Werra 1,50.767,10.333,250,86.0
1940-07,Breitungen_Werra 1,50.767,10.333,250,159.0
1940-08,Breitungen_Werra 1,50.767,10.333,250,36.0
1940-09,Breitungen_Werra 1,50.767,10.333,250,107.0
1940-10,Breitungen_Werra 1,50.767,10.333,250,15.0
1940-11,Breitungen_Werra 1,50.767,10.333,250,76.0
1940-12,Breitungen_Werra 1,50.767,10.333,250,85.0
1941-01,Breitungen_Werra 1,50.767,10.333,250,69.0
1941-02,Breitungen_Werra 1,50.767,10.333,250,57.0
1941-03,Breitungen_Werra 1,50.767,10.333,250,63.0
1941-04,Breitungen_Werra 1,50.767,10.333,250,31.0
1941-05,Breitungen_Werra 1,50.767,10.333,250,94.0
1941-06,Breitungen_Werra 1,50.767,10.333,250,73.0
1941-07,Breitungen_Werra 1,50.767,10.333,250,72.0
1941-08,Breitungen_Werra 1,50.767,10.333,250,97.0
1941-09,Breitungen_Werra 1,50.767,10.333,250,35.0
1941-10,Breitungen_Werra 1,50.767,10.333,250,93.0
1941-11,Breitungen_Werra 1,50.767,10.333,250,37.0
1941-12,Breitungen_Werra 1,50.767,10.333,250,46.0
1942-01,Breitungen_Werra 1,50.767,10.333,250,31.0
1942-02,Breitungen_Werra 1,50.767,10.333,250,15.0
1942-03,Breitungen_Werra 1,50.767,10.333,250,40.0
1942-04,Breitungen_Werra 1,50.767,10.333,250,25.0
1942-05,Breitungen_Werra 1,50.767,10.333,250,63.0
1942-06,Breitungen_Werra 1,50.767,10.333,250,65.0
1942-07,Breitungen_Werra 1,50.767,10.333,250,83.0
1942-08,Breitungen_Werra 1,50.767,10.333,250,17.0
1942-09,Breitungen_Werra 1,50.767,10.333,250,42.0
1942-10,Breitungen_Werra 1,50.767,10.333,250,67.0
1942-11,Breitungen_Werra 1,50.767,10.333,250,54.0
1942-12,Breitungen_Werra 1,50.767,10.333,250,23.0
1943-01,Breitungen_Werra 1,50.767,10.333,250,23.0
1943-02,Breitungen_Werra 1,50.767,10.333,250,24.0
1943-03,Breitungen_Werra 1,50.767,10.333,250,17.0
1943-04,Breitungen_Werra 1,50.767,10.333,250,53.0
1943-05,Breitungen_Werra 1,50.767,10.333,250,42.0
1943-06,Breitungen_Werra 1,50.767,10.333,250,93.0
1943-07,Breitungen_Werra 1,50.767,10.333,250,31.0
1943-08,Breitungen_Werra 1,50.767,10.333,250,85.0
1943-09,Breitungen_Werra 1,50.767,10.333,250,53.0
1943-10,Breitungen_Werra 1,50.767,10.333,250,1.0
1943-11,Breitungen_Werra 1,50.767,10.333,250,56.0
1943-12,Breitungen_Werra 1,50.767,10.333,250,41.0
1944-01,Breitungen_Werra 1,50.767,10.333,250,52.0
1944-02,Breitungen_Werra 1,50.767,10.333,250,29.0
1944-03,Breitungen_Werra 1,50.767,10.333,250,38.0
1944-04,Breitungen_Werra 1,50.767,10.333,250,31.0
1944-05,Breitungen_Werra 1,50.767,10.333,250,21.0
1944-06,Breitungen_Werra 1,50.767,10.333,250,75.0
1944-07,Breitungen_Werra 1,50.767,10.333,250,95.0
1944-08,Breitungen_Werra 1,50.767,10.333,250,44.0
1944-09,Breitungen_Werra 1,50.767,10.333,250,65.0
1944-10,Breitungen_Werra 1,50.767,10.333,250,50.0
1944-11,Breitungen_Werra 1,50.767,10.333,250,93.0
1944-12,Breitungen_Werra 1,50.767,10.333,250,49.0
1945-01,Breitungen_Werra 1,50.767,10.333,250,30.0
1945-02,Breitungen_Werra 1,50.767,10.333,250,61.0
1945-03,Breitungen_Werra 1,50.767,10.333,250,16.0
1945-04,Breitungen_Werra 1,50.767,10.333,250,60.0
1945-05,Breitungen_Werra 1,50.767,10.333,250,92.0
1945-06,Breitungen_Werra 1,50.767,10.333,250,77.0
1945-07,Breitungen_Werra 1,50.767,10.333,250,52.0
1945-08,Breitungen_Werra 1,50.767,10.333,250,99.0
1945-09,Breitungen_Werra 1,50.767,10.333,250,22.0
1945-10,Breitungen_Werra 1,50.767,10.333,250,22.0
1945-11,Breitungen_Werra 1,50.767,10.333,250,62.0
1945-12,Breitungen_Werra 1,50.767,10.333,250,42.0
1948-01,Breitungen_Werra 1,50.767,10.333,250,80.0
1948-02,Breitungen_Werra 1,50.767,10.333,250,69.0
1948-03,Breitungen_Werra 1,50.767,10.333,250,19.0
1948-04,Breitungen_Werra 1,50.767,10.333,250,25.0
1948-05,Breitungen_Werra 1,50.767,10.333,250,66.0
1948-06,Breitungen_Werra 1,50.767,10.333,250,54.0
1948-07,Breitungen_Werra 1,50.767,10.333,250,94.0
1948-08,Breitungen_Werra 1,50.767,10.333,250,81.0
1948-09,Breitungen_Werra 1,50.767,10.333,250,16.0
1948-10,Breitungen_Werra 1,50.767,10.333,250,22.0
1948-11,Breitungen_Werra 1,50.767,10.333,250,14.0
1948-12,Breitungen_Werra 1,50.767,10.333,250,14.0
1949-01,Breitungen_Werra 1,50.767,10.333,250,28.0
1949-02,Breitungen_Werra 1,50.767,10.333,250,25.0
1949-03,Breitungen_Werra 1,50.767,10.333,250,38.0
1949-04,Breitungen_Werra 1,50.767,10.333,250,46.0
1949-05,Breitungen_Werra 1,50.767,10.333,250,66.0
1949-06,Breitungen_Werra 1,50.767,10.333,250,35.0
1949-07,Breitungen_Werra 1,50.767,10.333,250,14.0
1949-08,Breitungen_Werra 1,50.767,10.333,250,46.0
1949-09,Breitungen_Werra 1,50.767,10.333,250,32.0
1949-10,Breitungen_Werra 1,50.767,10.333,250,19.0
1949-11,Breitungen_Werra 1,50.767,10.333,250,35.0
1949-12,Breitungen_Werra 1,50.767,10.333,250,70.0
1950-01,Breitungen_Werra 1,50.767,10.333,250,32.0
1950-02,Breitungen_Werra 1,50.767,10.333,250,78.0
1950-03,Breitungen_Werra 1,50.767,10.333,250,12.0
1950-04,Breitungen_Werra 1,50.767,10.333,250,52.0
1950-05,Breitungen_Werra 1,50.767,10.333,250,88.0
1950-06,Breitungen_Werra 1,50.767,10.333,250,30.0
1950-07,Breitungen_Werra 1,50.767,10.333,250,121.0
1950-08,Breitungen_Werra 1,50.767,10.333,250,95.0
1950-09,Breitungen_Werra 1,50.767,10.333,250,55.0
1950-10,Breitungen_Werra 1,50.767,10.333,250,40.0
1950-11,Breitungen_Werra 1,50.767,10.333,250,105.0
1950-12,Breitungen_Werra 1,50.767,10.333,250,31.0
1951-01,Breitungen_Werra 1,50.767,10.333,250,36.0
1951-02,Breitungen_Werra 1,50.767,10.333,250,26.0
1951-03,Breitungen_Werra 1,50.767,10.333,250,46.0
1951-04,Breitungen_Werra 1,50.767,10.333,250,28.0
1951-05,Breitungen_Werra 1,50.767,10.333,250,53.0
1951-06,Breitungen_Werra 1,50.767,10.333,250,88.0
1951-07,Breitungen_Werra 1,50.767,10.333,250,60.0
1951-08,Breitungen_Werra 1,50.767,10.333,250,52.0
1951-09,Breitungen_Werra 1,50.767,10.333,250,52.0
1951-10,Breitungen_Werra 1,50.767,10.333,250,28.0
1951-11,Breitungen_Werra 1,50.767,10.333,250,66.0
1951-12,Breitungen_Werra 1,50.767,10.333,250,23.0
1952-01,Breitungen_Werra 1,50.767,10.333,250,52.0
1952-02,Breitungen_Werra 1,50.767,10.333,250,25.0
1952-03,Breitungen_Werra 1,50.767,10.333,250,96.0
1952-04,Breitungen_Werra 1,50.767,10.333,250,16.0
1952-05,Breitungen_Werra 1,50.767,10.333,250,45.0
1952-06,Breitungen_Werra 1,50.767,10.333,250,34.0
1952-07,Breitungen_Werra 1,50.767,10.333,250,6.0
1952-08,Breitungen_Werra 1,50.767,10.333,250,43.0
1952-09,Breitungen_Werra 1,50.767,10.333,250,123.0
1952-10,Breitungen_Werra 1,50.767,10.333,250,67.0
1952-11,Breitungen_Werra 1,50.767,10.333,250,97.0
1952-12,Breitungen_Werra 1,50.767,10.333,250,42.0
1953-01,Breitungen_Werra 1,50.767,10.333,250,26.0
1953-02,Breitungen_Werra 1,50.767,10.333,250,40.0
1953-03,Breitungen_Werra 1,50.767,10.333,250,3.0
1953-04,Breitungen_Werra 1,50.767,10.333,250,22.0
1953-05,Breitungen_Werra 1,50.767,10.333,250,42.0
1953-06,Breitungen_Werra 1,50.767,10.333,250,75.0
1953-07,Breitungen_Werra 1,50.767,10.333,250,25.0
1953-08,Breitungen_Werra 1,50.767,10.333,250,23.0
1953-09,Breitungen_Werra 1,50.767,10.333,250,30.0
1953-10,Breitungen_Werra 1,50.767,10.333,250,36.0
1953-11,Breitungen_Werra 1,50.767,10.333,250,5.0
1953-12,Breitungen_Werra 1,50.767,10.333,250,15.0
1954-01,Breitungen_Werra 1,50.767,10.333,250,66.0
1954-02,Breitungen_Werra 1,50.767,10.333,250,20.0
1954-03,Breitungen_Werra 1,50.767,10.333,250,18.0
1954-04,Breitungen_Werra 1,50.767,10.333,250,39.0
1954-05,Breitungen_Werra 1,50.767,10.333,250,45.0
1954-06,Breitungen_Werra 1,50.767,10.333,250,34.0
1954-07,Breitungen_Werra 1,50.767,10.333,250,92.0
1954-08,Breitungen_Werra 1,50.767,10.333,250,76.0
1954-09,Breitungen_Werra 1,50.767,10.333,250,90.0
1954-10,Breitungen_Werra 1,50.767,10.333,250,54.0
1954-11,Breitungen_Werra 1,50.767,10.333,250,18.0
1954-12,Breitungen_Werra 1,50.767,10.333,250,52.0
1955-01,Breitungen_Werra 1,50.767,10.333,250,36.0
1955-02,Breitungen_Werra 1,50.767,10.333,250,48.0
1955-03,Breitungen_Werra 1,50.767,10.333,250,20.0
1955-04,Breitungen_Werra 1,50.767,10.333,250,26.0
1955-05,Breitungen_Werra 1,50.767,10.333,250,51.0
1955-06,Breitungen_Werra 1,50.767,10.333,250,86.0
1955-07,Breitungen_Werra 1,50.767,10.333,250,122.0
1955-08,Breitungen_Werra 1,50.767,10.333,250,19.0
1955-09,Breitungen_Werra 1,50.767,10.333,250,38.0
1955-10,Breitungen_Werra 1,50.767,10.333,250,30.0
1955-11,Breitungen_Werra 1,50.767,10.333,250,15.0
1955-12,Breitungen_Werra 1,50.767,10.333,250,65.0
1956-01,Breitungen_Werra 1,50.767,10.333,250,34.0
1956-02,Breitungen_Werra 1,50.767,10.333,250,17.0
1956-03,Breitungen_Werra 1,50.767,10.333,250,32.0
1956-04,Breitungen_Werra 1,50.767,10.333,250,58.0
1956-05,Breitungen_Werra 1,50.767,10.333,250,26.0
1956-06,Breitungen_Werra 1,50.767,10.333,250,99.0
1956-07,Breitungen_Werra 1,50.767,10.333,250,164.0
1956-08,Breitungen_Werra 1,50.767,10.333,250,84.0
1956-09,Breitungen_Werra 1,50.767,10.333,250,28.0
1956-10,Breitungen_Werra 1,50.767,10.333,250,68.0
1956-11,Breitungen_Werra 1,50.767,10.333,250,52.0
1956-12,Breitungen_Werra 1,50.767,10.333,250,25.0
1957-01,Breitungen_Werra 1,50.767,10.333,250,37.0
1957-02,Breitungen_Werra 1,50.767,10.333,250,63.0
1957-03,Breitungen_Werra 1,50.767,10.333,250,42.0
1957-04,Breitungen_Werra 1,50.767,10.333,250,17.0
1957-05,Breitungen_Werra 1,50.767,10.333,250,46.0
1957-06,Breitungen_Werra 1,50.767,10.333,250,72.0
1957-07,Breitungen_Werra 1,50.767,10.333,250,76.0
1957-08,Breitungen_Werra 1,50.767,10.333,250,60.0
1957-09,Breitungen_Werra 1,50.767,10.333,250,103.0
1957-10,Breitungen_Werra 1,50.767,10.333,250,22.0
1957-11,Breitungen_Werra 1,50.767,10.333,250,18.0
1957-12,Breitungen_Werra 1,50.767,10.333,250,36.0
1958-01,Breitungen_Werra 1,50.767,10.333,250,39.0
1958-02,Breitungen_Werra 1,50.767,10.333,250,70.0
1958-03,Breitungen_Werra 1,50.767,10.333,250,25.0
1958-04,Breitungen_Werra 1,50.767,10.333,250,27.0
1958-05,Breitungen_Werra 1,50.767,10.333,250,88.0
1958-06,Breitungen_Werra 1,50.767,10.333,250,79.0
1958-07,Breitungen_Werra 1,50.767,10.333,250,55.0
1958-08,Breitungen_Werra 1,50.767,10.333,250,128.0
1958-09,Breitungen_Werra 1,50.767,10.333,250,55.0
1958-10,Breitungen_Werra 1,50.767,10.333,250,47.0
1958-11,Breitungen_Werra 1,50.767,10.333,250,17.0
1958-12,Breitungen_Werra 1,50.767,10.333,250,48.0
1959-01,Breitungen_Werra 1,50.767,10.333,250,42.0
1959-02,Breitungen_Werra 1,50.767,10.333,250,6.0
1959-03,Breitungen_Werra 1,50.767,10.333,250,24.0
1959-04,Breitungen_Werra 1,50.767,10.333,250,28.0
1959-05,Breitungen_Werra 1,50.767,10.333,250,34.0
1959-06,Breitungen_Werra 1,50.767,10.333,250,39.0
1959-07,Breitungen_Werra 1,50.767,10.333,250,35.0
1959-08,Breitungen_Werra 1,50.767,10.333,250,66.0
1959-09,Breitungen_Werra 1,50.767,10.333,250,3.0
1959-10,Breitungen_Werra 1,50.767,10.333,250,45.0
1959-11,Breitungen_Werra 1,50.767,10.333,250,34.0
1959-12,Breitungen_Werra 1,50.767,10.333,250,27.0
1960-01,Breitungen_Werra 1,50.767,10.333,250,59.0
1960-02,Breitungen_Werra 1,50.767,10.333,250,13.0
1960-03,Breitungen_Werra 1,50.767,10.333,250,13.0
1960-04,Breitungen_Werra 1,50.767,10.333,250,43.0
1960-05,Breitungen_Werra 1,50.767,10.333,250,62.0
1960-06,Breitungen_Werra 1,50.767,10.333,250,14.0
1960-07,Breitungen_Werra 1,50.767,10.333,250,70.0
1960-08,Breitungen_Werra 1,50.767,10.333,250,151.0
1960-09,Breitungen_Werra 1,50.767,10.333,250,54.0
1960-10,Breitungen_Werra 1,50.767,10.333,250,130.0
1960-11,Breitungen_Werra 1,50.767,10.333,250,44.0
1960-12,Breitungen_Werra 1,50.767,10.333,250,77.0
1961-01,Breitungen_Werra 1,50.767,10.333,250,39.0
1961-02,Breitungen_Werra 1,50.767,10.333,250,49.0
1961-03,Breitungen_Werra 1,50.767,10.333,250,23.0
1961-04,Breitungen_Werra 1,50.767,10.333,250,83.0
1961-05,Breitungen_Werra 1,50.767,10.333,250,98.0
1961-06,Breitungen_Werra 1,50.767,10.333,250,123.0
1961-07,Breitungen_Werra 1,50.767,10.333,250,76.0
1961-08,Breitungen_Werra 1,50.767,10.333,250,57.0
1961-09,Breitungen_Werra 1,50.767,10.333,250,30.0
1961-10,Breitungen_Werra 1,50.767,10.333,250,38.0
1961-11,Breitungen_Werra 1,50.767,10.333,250,32.0
1961-12,Breitungen_Werra 1,50.767,10.333,250,56.0
1962-01,Breitungen_Werra 1,50.767,10.333,250,36.0
1962-02,Breitungen_Werra 1,50.767,10.333,250,43.0
1962-03,Breitungen_Werra 1,50.767,10.333,250,32.0
1962-04,Breitungen_Werra 1,50.767,10.333,250,21.0
1962-05,Breitungen_Werra 1,50.767,10.333,250,45.0
1962-06,Breitungen_Werra 1,50.767,10.333,250,41.0
1962-07,Breitungen_Werra 1,50.767,10.333,250,63.0
1962-08,Breitungen_Werra 1,50.767,10.333,250,30.0
1962-09,Breitungen_Werra 1,50.767,10.333,250,31.0
1962-10,Breitungen_Werra 1,50.767,10.333,250,5.0
1962-11,Breitungen_Werra 1,50.767,10.333,250,12.0
1962-12,Breitungen_Werra 1,50.767,10.333,250,51.0
1963-01,Breitungen_Werra 1,50.767,10.333,250,14.0
1963-02,Breitungen_Werra 1,50.767,10.333,250,9.0
1963-03,Breitungen_Werra 1,50.767,10.333,250,34.0
1963-04,Breitungen_Werra 1,50.767,10.333,250,15.0
1963-05,Breitungen_Werra 1,50.767,10.333,250,36.0
1963-06,Breitungen_Werra 1,50.767,10.333,250,69.0
1963-07,Breitungen_Werra 1,50.767,10.333,250,36.0
1963-08,Breitungen_Werra 1,50.767,10.333,250,174.0
1963-09,Breitungen_Werra 1,50.767,10.333,250,42.0
1963-10,Breitungen_Werra 1,50.767,10.333,250,27.0
1963-11,Breitungen_Werra 1,50.767,10.333,250,84.0
1963-12,Breitungen_Werra 1,50.767,10.333,250,8.0
1964-01,Breitungen_Werra 1,50.767,10.333,250,13.0
1964-02,Breitungen_Werra 1,50.767,10.333,250,22.0
1964-03,Breitungen_Werra 1,50.767,10.333,250,22.0
1964-04,Breitungen_Werra 1,50.767,10.333,250,38.0
1964-05,Breitungen_Werra 1,50.767,10.333,250,83.0
1964-06,Breitungen_Werra 1,50.767,10.333,250,48.0
1964-07,Breitungen_Werra 1,50.767,10.333,250,13.0
1964-08,Breitungen_Werra 1,50.767,10.333,250,42.0
1964-09,Breitungen_Werra 1,50.767,10.333,250,30.0
1964-10,Breitungen_Werra 1,50.767,10.333,250,41.0
1964-11,Breitungen_Werra 1,50.767,10.333,250,46.0
1964-12,Breitungen_Werra 1,50.767,10.333,250,24.0
1965-01,Breitungen_Werra 1,50.767,10.333,250,89.0
1965-02,Breitungen_Werra 1,50.767,10.333,250,39.0
1965-03,Breitungen_Werra 1,50.767,10.333,250,41.0
1965-04,Breitungen_Werra 1,50.767,10.333,250,78.0
1965-05,Breitungen_Werra 1,50.767,10.333,250,47.0
1965-06,Breitungen_Werra 1,50.767,10.333,250,67.0
1965-07,Breitungen_Werra 1,50.767,10.333,250,83.0
1965-08,Breitungen_Werra 1,50.767,10.333,250,38.0
1965-09,Breitungen_Werra 1,50.767,10.333,250,30.0
1965-10,Breitungen_Werra 1,50.767,10.333,250,15.0
1965-11,Breitungen_Werra 1,50.767,10.333,250,89.0
1965-12,Breitungen_Werra 1,50.767,10.333,250,109.0
1966-01,Breitungen_Werra 1,50.767,10.333,250,30.0
1966-02,Breitungen_Werra 1,50.767,10.333,250,43.0
1966-03,Breitungen_Werra 1,50.767,10.333,250,51.0
1966-04,Breitungen_Werra 1,50.767,10.333,250,89.0
1966-05,Breitungen_Werra 1,50.767,10.333,250,70.0
1966-06,Breitungen_Werra 1,50.767,10.333,250,110.0
1966-07,Breitungen_Werra 1,50.767,10.333,250,89.0
1966-08,Breitungen_Werra 1,50.767,10.333,250,99.0
1966-09,Breitungen_Werra 1,50.767,10.333,250,14.0
1966-10,Breitungen_Werra 1,50.767,10.333,250,65.0
1966-11,Breitungen_Werra 1,50.767,10.333,250,54.0
1966-12,Breitungen_Werra 1,50.767,10.333,250,121.0
1967-01,Breitungen_Werra 1,50.767,10.333,250,27.0
1967-02,Breitungen_Werra 1,50.767,10.333,250,40.0
1967-03,Breitungen_Werra 1,50.767,10.333,250,73.0
1967-04,Breitungen_Werra 1,50.767,10.333,250,39.0
1967-05,Breitungen_Werra 1,50.767,10.333,250,66.0
1967-06,Breitungen_Werra 1,50.767,10.333,250,57.0
1967-07,Breitungen_Werra 1,50.767,10.333,250,25.0
1967-08,Breitungen_Werra 1,50.767,10.333,250,55.0
1967-09,Breitungen_Werra 1,50.767,10.333,250,61.0
1967-10,Breitungen_Werra 1,50.767,10.333,250,42.0
1967-11,Breitungen_Werra 1,50.767,10.333,250,40.0
1967-12,Breitungen_Werra 1,50.767,10.333,250,97.0
1968-01,Breitungen_Werra 1,50.767,10.333,250,63.0
1968-02,Breitungen_Werra 1,50.767,10.333,250,51.0
1968-03,Breitungen_Werra 1,50.767,10.333,250,54.0
1968-04,Breitungen_Werra 1,50.767,10.333,250,47.0
1968-05,Breitungen_Werra 1,50.767,10.333,250,46.0
1968-06,Breitungen_Werra 1,50.767,10.333,250,93.0
1968-07,Breitungen_Werra 1,50.767,10.333,250,43.0
1968-08,Breitungen_Werra 1,50.767,10.333,250,117.0
1968-09,Breitungen_Werra 1,50.767,10.333,250,81.0
1968-10,Breitungen_Werra 1,50.767,10.333,250,37.0
1968-11,Breitungen_Werra 1,50.767,10.333,250,18.0
1968-12,Breitungen_Werra 1,50.767,10.333,250,28.0
1969-01,Breitungen_Werra 1,50.767,10.333,250,40.0
1969-02,Breitungen_Werra 1,50.767,10.333,250,40.7
1969-03,Breitungen_Werra 1,50.767,10.333,250,38.6
1969-04,Breitungen_Werra 1,50.767,10.333,250,82.4
1969-05,Breitungen_Werra 1,50.767,10.333,250,74.5
1969-06,Breitungen_Werra 1,50.767,10.333,250,85.6
1969-07,Breitungen_Werra 1,50.767,10.333,250,31.3
1969-08,Breitungen_Werra 1,50.767,10.333,250,142.1
1969-09,Breitungen_Werra 1,50.767,10.333,250,14.4
1969-10,Breitungen_Werra 1,50.767,10.333,250,15.8
1969-11,Breitungen_Werra 1,50.767,10.333,250,48.5
1969-12,Breitungen_Werra 1,50.767,10.333,250,24.1
1970-01,Breitungen_Werra 1,50.767,10.333,250,31.6
1970-02,Breitungen_Werra 1,50.767,10.333,250,87.7
1970-03,Breitungen_Werra 1,50.767,10.333,250,44.3
1970-04,Breitungen_Werra 1,50.767,10.333,250,76.3
1970-05,Breitungen_Werra 1,50.767,10.333,250,53.9
1970-06,Breitungen_Werra 1,50.767,10.333,250,32.7
1970-07,Breitungen_Werra 1,50.767,10.333,250,67.2
1970-08,Breitungen_Werra 1,50.767,10.333,250,62.6
1970-09,Breitungen_Werra 1,50.767,10.333,250,42.4
1970-10,Breitungen_Werra 1,50.767,10.333,250,91.4
1970-11,Breitungen_Werra 1,50.767,10.333,250,54.8
1970-12,Breitungen_Werra 1,50.767,10.333,250,39.1
1971-01,Breitungen_Werra 1,50.767,10.333,250,24.6
1971-02,Breitungen_Werra 1,50.767,10.333,250,35.2
1971-03,Breitungen_Werra 1,50.767,10.333,250,8.8
1971-04,Breitungen_Werra 1,50.767,10.333,250,52.4
1971-05,Breitungen_Werra 1,50.767,10.333,250,60.3
1971-06,Breitungen_Werra 1,50.767,10.333,250,118.7
1971-07,Breitungen_Werra 1,50.767,10.333,250,2.8
1971-08,Breitungen_Werra 1,50.767,10.333,250,27.9
1971-09,Breitungen_Werra 1,50.767,10.333,250,31.8
1971-10,Breitungen_Werra 1,50.767,10.333,250,23.2
1971-11,Breitungen_Werra 1,50.767,10.333,250,51.2
1971-12,Breitungen_Werra 1,50.767,10.333,250,22.6
1972-01,Breitungen_Werra 1,50.767,10.333,250,6.8
1972-02,Breitungen_Werra 1,50.767,10.333,250,3.5
1972-03,Breitungen_Werra 1,50.767,10.333,250,34.3
1972-04,Breitungen_Werra 1,50.767,10.333,250,43.8
1972-05,Breitungen_Werra 1,50.767,10.333,250,69.2
1972-06,Breitungen_Werra 1,50.767,10.333,250,131.3
1972-07,Breitungen_Werra 1,50.767,10.333,250,76.9
1972-08,Breitungen_Werra 1,50.767,10.333,250,114.6
1972-09,Breitungen_Werra 1,50.767,10.333,250,43.2
1972-10,Breitungen_Werra 1,50.767,10.333,250,24.3
1972-11,Breitungen_Werra 1,50.767,10.333,250,64.9
1972-12,Breitungen_Werra 1,50.767,10.333,250,4.9
1973-01,Breitungen_Werra 1,50.767,10.333,250,22.2
1973-02,Breitungen_Werra 1,50.767,10.333,250,47.3
1973-03,Breitungen_Werra 1,50.767,10.333,250,20.9
1973-04,Breitungen_Werra 1,50.767,10.333,250,58.9
1973-05,Breitungen_Werra 1,50.767,10.333,250,43.8
1973-06,Breitungen_Werra 1,50.767,10.333,250,39.6
1973-07,Breitungen_Werra 1,50.767,10.333,250,82.3
1973-08,Breitungen_Werra 1,50.767,10.333,250,30.5
1973-09,Breitungen_Werra 1,50.767,10.333,250,33.6
1973-10,Breitungen_Werra 1,50.767,10.333,250,80.8
1973-11,Breitungen_Werra 1,50.767,10.333,250,49.0
1973-12,Breitungen_Werra 1,50.767,10.333,250,60.3
1974-01,Breitungen_Werra 1,50.767,10.333,250,35.3
1974-02,Breitungen_Werra 1,50.767,10.333,250,41.2
1974-03,Breitungen_Werra 1,50.767,10.333,250,34.8
1974-04,Breitungen_Werra 1,50.767,10.333,250,10.3
1974-05,Breitungen_Werra 1,50.767,10.333,250,74.1
1974-06,Breitungen_Werra 1,50.767,10.333,250,66.3
1974-07,Breitungen_Werra 1,50.767,10.333,250,75.6
1974-08,Breitungen_Werra 1,50.767,10.333,250,60.7
1974-09,Breitungen_Werra 1,50.767,10.333,250,20.2
1974-10,Breitungen_Werra 1,50.767,10.333,250,121.8
1974-11,Breitungen_Werra 1,50.767,10.333,250,42.7
1974-12,Breitungen_Werra 1,50.767,10.333,250,123.1
1975-01,Breitungen_Werra 1,50.767,10.333,250,32.3
1975-02,Breitungen_Werra 1,50.767,10.333,250,17.5
1975-03,Breitungen_Werra 1,50.767,10.333,250,36.2
1975-04,Breitungen_Werra 1,50.767,10.333,250,50.2
1975-05,Breitungen_Werra 1,50.767,10.333,250,49.8
1975-06,Breitungen_Werra 1,50.767,10.333,250,78.7
1975-07,Breitungen_Werra 1,50.767,10.333,250,36.2
1975-08,Breitungen_Werra 1,50.767,10.333,250,90.4
1975-09,Breitungen_Werra 1,50.767,10.333,250,43.4
1975-10,Breitungen_Werra 1,50.767,10.333,250,40.3
1975-11,Breitungen_Werra 1,50.767,10.333,250,28.4
1975-12,Breitungen_Werra 1,50.767,10.333,250,20.7
1976-01,Breitungen_Werra 1,50.767,10.333,250,113.0
1976-02,Breitungen_Werra 1,50.767,10.333,250,14.1
1976-03,Breitungen_Werra 1,50.767,10.333,250,26.1
1976-04,Breitungen_Werra 1,50.767,10.333,250,13.3
1976-05,Breitungen_Werra 1,50.767,10.333,250,37.0
1976-06,Breitungen_Werra 1,50.767,10.333,250,22.6
1976-07,Breitungen_Werra 1,50.767,10.333,250,33.9
1976-08,Breitungen_Werra 1,50.767,10.333,250,30.3
1976-09,Breitungen_Werra 1,50.767,10.333,250,37.8
1976-10,Breitungen_Werra 1,50.767,10.333,250,24.7
1976-11,Breitungen_Werra 1,50.767,10.333,250,62.0
1976-12,Breitungen_Werra 1,50.767,10.333,250,33.2
1977-01,Breitungen_Werra 1,50.767,10.333,250,42.3
1977-02,Breitungen_Werra 1,50.767,10.333,250,66.9
1977-03,Breitungen_Werra 1,50.767,10.333,250,44.8
1977-04,Breitungen_Werra 1,50.767,10.333,250,43.6
1977-05,Breitungen_Werra 1,50.767,10.333,250,22.8
1977-06,Breitungen_Werra 1,50.767,10.333,250,109.8
1977-07,Breitungen_Werra 1,50.767,10.333,250,37.3
1977-08,Breitungen_Werra 1,50.767,10.333,250,93.1
1977-09,Breitungen_Werra 1,50.767,10.333,250,14.4
1977-10,Breitungen_Werra 1,50.767,10.333,250,61.5
1977-11,Breitungen_Werra 1,50.767,10.333,250,115.9
1977-12,Breitungen_Werra 1,50.767,10.333,250,52.7
1978-01,Breitungen_Werra 1,50.767,10.333,250,32.2
1978-02,Breitungen_Werra 1,50.767,10.333,250,11.1
1978-03,Breitungen_Werra 1,50.767,10.333,250,65.8
1978-04,Breitungen_Werra 1,50.767,10.333,250,8.3
1978-05,Breitungen_Werra 1,50.767,10.333,250,55.7
1978-06,Breitungen_Werra 1,50.767,10.333,250,75.4
1978-07,Breitungen_Werra 1,50.767,10.333,250,42.9
1978-08,Breitungen_Werra 1,50.767,10.333,250,64.0
1978-09,Breitungen_Werra 1,50.767,10.333,250,70.9
1978-10,Breitungen_Werra 1,50.767,10.333,250,32.2
1978-11,Breitungen_Werra 1,50.767,10.333,250,10.6
1978-12,Breitungen_Werra 1,50.767,10.333,250,109.9
1979-01,Breitungen_Werra 1,50.767,10.333,250,24.9
1979-02,Breitungen_Werra 1,50.767,10.333,250,35.1
1979-03,Breitungen_Werra 1,50.767,10.333,250,100.6
1979-04,Breitungen_Werra 1,50.767,10.333,250,47.3
1979-05,Breitungen_Werra 1,50.767,10.333,250,34.6
1979-06,Breitungen_Werra 1,50.767,10.333,250,83.8
1979-07,Breitungen_Werra 1,50.767,10.333,250,74.4
1979-08,Breitungen_Werra 1,50.767,10.333,250,45.2
1979-10,Breitungen_Werra 1,50.767,10.333,250,14.2
1979-11,Breitungen_Werra 1,50.767,10.333,250,75.2
1979-12,Breitungen_Werra 1,50.767,10.333,250,93.0
1980-01,Breitungen_Werra 1,50.767,10.333,250,32.6
1980-02,Breitungen_Werra 1,50.767,10.333,250,48.4
1980-03,Breitungen_Werra 1,50.767,10.333,250,30.0
1980-04,Breitungen_Werra 1,50.767,10.333,250,81.4
1980-05,Breitungen_Werra 1,50.767,10.333,250,66.4
1980-06,Breitungen_Werra 1,50.767,10.333,250,92.0
1980-07,Breitungen_Werra 1,50.767,10.333,250,84.7
1980-08,Breitungen_Werra 1,50.767,10.333,250,41.0
1980-09,Breitungen_Werra 1,50.767,10.333,250,40.9
1980-10,Breitungen_Werra 1,50.767,10.333,250,42.9
1980-11,Breitungen_Werra 1,50.767,10.333,250,49.3
1980-12,Breitungen_Werra 1,50.767,10.333,250,57.1
1981-01,Breitungen_Werra 1,50.767,10.333,250,69.9
1981-02,Breitungen_Werra 1,50.767,10.333,250,22.5
1981-03,Breitungen_Werra 1,50.767,10.333,250,74.0
1981-04,Breitungen_Werra 1,50.767,10.333,250,41.2
1981-05,Breitungen_Werra 1,50.767,10.333,250,93.1
1981-06,Breitungen_Werra 1,50.767,10.333,250,121.5
1981-07,Breitungen_Werra 1,50.767,10.333,250,50.6
1981-08,Breitungen_Werra 1,50.767,10.333,250,140.9
1981-09,Breitungen_Werra 1,50.767,10.333,250,46.7
1981-10,Breitungen_Werra 1,50.767,10.333,250,75.4
1981-11,Breitungen_Werra 1,50.767,10.333,250,87.5
1981-12,Breitungen_Werra 1,50.767,10.333,250,103.6
1982-01,Breitungen_Werra 1,50.767,10.333,250,47.8
1982-02,Breitungen_Werra 1,50.767,10.333,250,8.4
1982-03,Breitungen_Werra 1,50.767,10.333,250,31.9
1982-04,Breitungen_Werra 1,50.767,10.333,250,46.7
1982-05,Breitungen_Werra 1,50.767,10.333,250,39.4
1982-06,Breitungen_Werra 1,50.767,10.333,250,48.6
1982-07,Breitungen_Werra 1,50.767,10.333,250,11.5
1982-08,Breitungen_Werra 1,50.767,10.333,250,16.2
1982-09,Breitungen_Werra 1,50.767,10.333,250,17.7
1982-10,Breitungen_Werra 1,50.767,10.333,250,94.4
1982-11,Breitungen_Werra 1,50.767,10.333,250,30.2
1982-12,Breitungen_Werra 1,50.767,10.333,250,61.5
1983-01,Breitungen_Werra 1,50.767,10.333,250,59.7
1983-02,Breitungen_Werra 1,50.767,10.333,250,38.6
1983-03,Breitungen_Werra 1,50.767,10.333,250,40.1
1983-04,Breitungen_Werra 1,50.767,10.333,250,108.8
1983-05,Breitungen_Werra 1,50.767,10.333,250,120.9
1983-06,Breitungen_Werra 1,50.767,10.333,250,17.4
1983-07,Breitungen_Werra 1,50.767,10.333,250,23.5
1983-08,Breitungen_Werra 1,50.767,10.333,250,75.6
1983-09,Breitungen_Werra 1,50.767,10.333,250,54.5
1983-10,Breitungen_Werra 1,50.767,10.333,250,18.6
1983-11,Breitungen_Werra 1,50.767,10.333,250,51.8
1983-12,Breitungen_Werra 1,50.767,10.333,250,37.2
1984-01,Breitungen_Werra 1,50.767,10.333,250,72.1
1984-02,Breitungen_Werra 1,50.767,10.333,250,80.7
1984-03,Breitungen_Werra 1,50.767,10.333,250,19.2
1984-04,Breitungen_Werra 1,50.767,10.333,250,26.0
1984-05,Breitungen_Werra 1,50.767,10.333,250,114.3
1984-06,Breitungen_Werra 1,50.767,10.333,250,62.5
1984-07,Breitungen_Werra 1,50.767,10.333,250,76.5
1984-08,Breitungen_Werra 1,50.767,10.333,250,59.0
1984-09,Breitungen_Werra 1,50.767,10.333,250,79.0
1984-10,Breitungen_Werra 1,50.767,10.333,250,54.9
1984-11,Breitungen_Werra 1,50.767,10.333,250,48.2
1984-12,Breitungen_Werra 1,50.767,10.333,250,35.9
1985-01,Breitungen_Werra 1,50.767,10.333,250,49.8
1985-02,Breitungen_Werra 1,50.767,10.333,250,12.9
1985-03,Breitungen_Werra 1,50.767,10.333,250,40.5
1985-04,Breitungen_Werra 1,50.767,10.333,250,55.2
1985-05,Breitungen_Werra 1,50.767,10.333,250,37.7
1985-06,Breitungen_Werra 1,50.767,10.333,250,89.2
1985-07,Breitungen_Werra 1,50.767,10.333,250,61.0
1985-08,Breitungen_Werra 1,50.767,10.333,250,53.9
1985-09,Breitungen_Werra 1,50.767,10.333,250,32.0
1985-10,Breitungen_Werra 1,50.767,10.333,250,13.0
1985-11,Breitungen_Werra 1,50.767,10.333,250,52.5
1985-12,Breitungen_Werra 1,50.767,10.333,250,49.2
1986-01,Breitungen_Werra 1,50.767,10.333,250,86.5
1986-02,Breitungen_Werra 1,50.767,10.333,250,14.4
1986-03,Breitungen_Werra 1,50.767,10.333,250,104.5
1986-04,Breitungen_Werra 1,50.767,10.333,250,55.2
1986-05,Breitungen_Werra 1,50.767,10.333,250,74.9
1986-06,Breitungen_Werra 1,50.767,10.333,250,92.1
1986-07,Breitungen_Werra 1,50.767,10.333,250,42.2
1986-08,Breitungen_Werra 1,50.767,10.333,250,90.8
1986-09,Breitungen_Werra 1,50.767,10.333,250,49.6
1986-10,Breitungen_Werra 1,50.767,10.333,250,66.8
1986-11,Breitungen_Werra 1,50.767,10.333,250,11.0
1986-12,Breitungen_Werra 1,50.767,10.333,250,71.0
1987-01,Breitungen_Werra 1,50.767,10.333,250,63.9
1987-02,Breitungen_Werra 1,50.767,10.333,250,51.1
1987-03,Breitungen_Werra 1,50.767,10.333,250,78.9
1987-04,Breitungen_Werra 1,50.767,10.333,250,12.1
1987-05,Breitungen_Werra 1,50.767,10.333,250,76.3
1987-06,Breitungen_Werra 1,50.767,10.333,250,116.4
1987-07,Breitungen_Werra 1,50.767,10.333,250,48.9
1987-08,Breitungen_Werra 1,50.767,10.333,250,60.1
1987-09,Breitungen_Werra 1,50.767,10.333,250,65.1
1987-10,Breitungen_Werra 1,50.767,10.333,250,22.7
1987-11,Breitungen_Werra 1,50.767,10.333,250,51.5
1987-12,Breitungen_Werra 1,50.767,10.333,250,36.4
1988-01,Breitungen_Werra 1,50.767,10.333,250,54.3
1988-02,Breitungen_Werra 1,50.767,10.333,250,85.2
1988-03,Breitungen_Werra 1,50.767,10.333,250,102.2
1988-04,Breitungen_Werra 1,50.767,10.333,250,30.3
1988-05,Breitungen_Werra 1,50.767,10.333,250,29.3
1988-06,Breitungen_Werra 1,50.767,10.333,250,31.9
1988-07,Breitungen_Werra 1,50.767,10.333,250,69.5
1988-08,Breitungen_Werra 1,50.767,10.333,250,17.2
1988-09,Breitungen_Werra 1,50.767,10.333,250,43.4
1988-10,Breitungen_Werra 1,50.767,10.333,250,18.1
1988-11,Breitungen_Werra 1,50.767,10.333,250,73.4
1988-12,Breitungen_Werra 1,50.767,10.333,250,110.6
1989-01,Breitungen_Werra 1,50.767,10.333,250,29.8
1989-02,Breitungen_Werra 1,50.767,10.333,250,31.4
1989-03,Breitungen_Werra 1,50.767,10.333,250,66.1
1989-04,Breitungen_Werra 1,50.767,10.333,250,36.6
1989-05,Breitungen_Werra 1,50.767,10.333,250,40.8
1989-06,Breitungen_Werra 1,50.767,10.333,250,88.8
1989-07,Breitungen_Werra 1,50.767,10.333,250,83.5
1989-08,Breitungen_Werra 1,50.767,10.333,250,27.3
1989-09,Breitungen_Werra 1,50.767,10.333,250,60.0
1989-10,Breitungen_Werra 1,50.767,10.333,250,52.6
1989-11,Breitungen_Werra 1,50.767,10.333,250,48.2
1989-12,Breitungen_Werra 1,50.767,10.333,250,84.2
1990-01,Breitungen_Werra 1,50.767,10.333,250,25.1
1990-02,Breitungen_Werra 1,50.767,10.333,250,70.7
1990-03,Breitungen_Werra 1,50.767,10.333,250,24.2
1990-04,Breitungen_Werra 1,50.767,10.333,250,31.8
1990-05,Breitungen_Werra 1,50.767,10.333,250,30.1
1990-06,Breitungen_Werra 1,50.767,10.333,250,88.2
1990-07,Breitungen_Werra 1,50.767,10.333,250,13.6
1990-08,Breitungen_Werra 1,50.767,10.333,250,52.6
1990-09,Breitungen_Werra 1,50.767,10.333,250,61.2
1990-10,Breitungen_Werra 1,50.767,10.333,250,41.2
1990-11,Breitungen_Werra 1,50.767,10.333,250,62.9
1990-12,Breitungen_Werra 1,50.767,10.333,250,45.0
1991-01,Breitungen_Werra 1,50.767,10.333,250,38.1
1991-02,Breitungen_Werra 1,50.767,10.333,250,23.9
1991-03,Breitungen_Werra 1,50.767,10.333,250,25.9
1991-04,Breitungen_Werra 1,50.767,10.333,250,26.2
1991-05,Breitungen_Werra 1,50.767,10.333,250,19.5
1991-06,Breitungen_Werra 1,50.767,10.333,250,79.5
1991-07,Breitungen_Werra 1,50.767,10.333,250,29.6
1991-08,Breitungen_Werra 1,50.767,10.333,250,21.3
1991-09,Breitungen_Werra 1,50.767,10.333,250,19.4
1991-10,Breitungen_Werra 1,50.767,10.333,250,19.7
1991-11,Breitungen_Werra 1,50.767,10.333,250,49.1
1991-12,Breitungen_Werra 1,50.767,10.333,250,25.6
